2196, 1
1608, 2
1684, 3
1544, 4
1733, 5
1502, 6
1843, 7
1691, 8
2191, 9
1746, 10
2316, 11
1946, 12
2179, 13
2020, 14
2105, 15
2010, 16
2114, 17
2208, 18
2170, 19
2049, 20
2368, 21
2009, 22
2272, 23
2225, 24
2108, 25
2091, 26
2249, 27
2305, 28
2202, 29
2169, 30
2328, 31
2386, 32
2289, 33
2291, 34
2508, 35
2257, 36
2301, 37
2531, 38
2458, 39
2342, 40
2630, 41
2632, 42
2513, 43
2713, 44
2852, 45
3009, 46
2769, 47
2883, 48
3027, 49
2980, 50
2845, 51
2965, 52
3109, 53
2836, 54
3071, 55
3032, 56
2988, 57
3002, 58
3142, 59
3166, 60
3082, 61
3255, 62
3273, 63
3138, 64
3344, 65
3291, 66
3414, 67
3351, 68
3414, 69
3413, 70
3539, 71
3606, 72
3568, 73
3502, 74
3676, 75
3623, 76
3732, 77
3652, 78
3821, 79
3809, 80
3810, 81
3853, 82
3956, 83
3930, 84
3965, 85
4058, 86
4056, 87
4080, 88
4166, 89
4183, 90
4201, 91
4280, 92
4311, 93
4328, 94
4400, 95
4440, 96
4461, 97
4526, 98
4566, 99
4602, 100
4655, 101
4698, 102
4744, 103
4790, 104
4836, 105
4882, 106
4928, 107
4974, 108
5020, 109
5066, 110
5112, 111
5158, 112
5204, 113
5250, 114
5296, 115
5342, 116
5388, 117
5434, 118
5480, 119
5526, 120
5572, 121
5618, 122
5664, 123
5710, 124
5756, 125
5802, 126
5848, 127
5894, 128
5940, 129
5986, 130
6032, 131
6078, 132
6124, 133
6170, 134
6216, 135
6262, 136
6308, 137
6354, 138
6400, 139
6446, 140
6492, 141
6538, 142
6584, 143
6630, 144
6676, 145
6722, 146
6768, 147
6814, 148
6860, 149
6906, 150
6952, 151
6998, 152
7044, 153
7090, 154
7136, 155
7182, 156
7228, 157
7274, 158
7320, 159
7366, 160
7412, 161
7458, 162
7504, 163
7550, 164
7596, 165
7642, 166
7688, 167
7734, 168
7780, 169
7826, 170
7872, 171
7918, 172
7964, 173
8010, 174
8056, 175
8102, 176
8148, 177
8194, 178
8240, 179
8286, 180
8332, 181
8378, 182
8424, 183
8470, 184
8516, 185
8562, 186
8608, 187
8654, 188
8700, 189
8746, 190
8792, 191
8838, 192
8884, 193
8930, 194
8976, 195
9022, 196
9068, 197
9114, 198
9160, 199
9206, 200
9252, 201
9298, 202
9344, 203
9390, 204
9436, 205
9482, 206
9528, 207
9574, 208
9620, 209
9666, 210
9712, 211
9758, 212
9804, 213
9850, 214
9896, 215
9942, 216
9988, 217
10034, 218
10080, 219
10126, 220
10172, 221
10218, 222
10264, 223
10310, 224
10356, 225
10402, 226
10448, 227
10494, 228
10540, 229
10586, 230
10632, 231
10678, 232
10724, 233
10770, 234
10816, 235
10862, 236
10908, 237
10954, 238
11000, 239
11046, 240
11092, 241
11138, 242
11184, 243
11230, 244
11276, 245
11322, 246
11368, 247
11414, 248
11460, 249
11506, 250
11552, 251
11598, 252
11644, 253
11690, 254
11736, 255
11782, 256
11828, 257
11874, 258
11920, 259
11966, 260
12012, 261
12058, 262
12104, 263
12150, 264
12196, 265
12242, 266
12288, 267
12334, 268
12380, 269
12426, 270
12472, 271
12518, 272
12564, 273
12610, 274
12656, 275
12702, 276
12748, 277
12794, 278
12840, 279
12886, 280
12932, 281
12978, 282
13024, 283
13070, 284
13116, 285
13162, 286
13208, 287
13254, 288
13300, 289
13346, 290
13392, 291
13438, 292
13484, 293
13530, 294
13576, 295
13622, 296
13668, 297
13714, 298
13760, 299
13806, 300
13852, 301
13898, 302
13944, 303
13990, 304
14036, 305
14082, 306
14128, 307
14174, 308
14220, 309
14266, 310
14312, 311
14358, 312
14404, 313
14450, 314
14496, 315
14542, 316
14588, 317
14634, 318
14680, 319
14726, 320
14772, 321
14818, 322
14864, 323
14910, 324
14956, 325
15002, 326
15048, 327
15094, 328
15140, 329
15186, 330
15232, 331
15278, 332
15324, 333
15370, 334
15416, 335
15462, 336
15508, 337
15554, 338
15600, 339
15646, 340
15692, 341
15738, 342
15784, 343
15830, 344
15876, 345
15922, 346
15968, 347
16014, 348
16060, 349
16106, 350
16152, 351
16198, 352
16244, 353
16290, 354
16336, 355
16382, 356
16428, 357
16474, 358
16520, 359
16566, 360
16612, 361
16658, 362
16704, 363
16750, 364
16796, 365
16842, 366
16888, 367
16934, 368
16980, 369
17026, 370
17072, 371
17118, 372
17164, 373
17210, 374
17256, 375
17302, 376
17348, 377
17394, 378
17440, 379
17486, 380
17532, 381
17578, 382
17624, 383
17670, 384
17716, 385
17762, 386
17808, 387
17854, 388
17900, 389
17946, 390
17992, 391
18038, 392
18084, 393
18130, 394
18176, 395
18222, 396
18268, 397
18314, 398
18360, 399
18406, 400
18452, 401
18498, 402
18544, 403
18590, 404
18636, 405
18682, 406
18728, 407
18774, 408
18820, 409
18866, 410
18912, 411
18958, 412
19004, 413
19050, 414
19096, 415
19142, 416
19188, 417
19234, 418
19280, 419
19326, 420
19372, 421
19418, 422
19464, 423
19510, 424
19556, 425
19602, 426
19648, 427
19694, 428
19740, 429
19786, 430
19832, 431
19878, 432
19924, 433
19970, 434
20016, 435
20062, 436
20108, 437
20154, 438
20200, 439
20246, 440
20292, 441
20338, 442
20384, 443
20430, 444
20476, 445
20522, 446
20568, 447
20614, 448
20660, 449
20706, 450
20752, 451
20798, 452
20844, 453
20890, 454
20936, 455
20982, 456
21028, 457
21074, 458
21120, 459
21166, 460
21212, 461
21258, 462
21304, 463
21350, 464
21396, 465
21442, 466
21488, 467
21534, 468
21580, 469
21626, 470
21672, 471
21718, 472
21764, 473
21810, 474
21856, 475
21902, 476
21948, 477
21994, 478
22040, 479
22086, 480
22132, 481
22178, 482
22224, 483
22270, 484
22316, 485
22362, 486
22408, 487
22454, 488
22500, 489
22546, 490
22592, 491
22638, 492
22684, 493
22730, 494
22776, 495
22822, 496
22868, 497
22914, 498
22960, 499
23006, 500
23052, 501
23098, 502
23144, 503
23190, 504
23236, 505
23282, 506
23328, 507
23374, 508
23420, 509
23466, 510
23512, 511
23558, 512
23604, 513
23650, 514
23696, 515
23742, 516
23788, 517
23834, 518
23880, 519
23926, 520
23972, 521
24018, 522
24064, 523
24110, 524
24156, 525
24202, 526
24248, 527
24294, 528
24340, 529
24386, 530
24432, 531
24478, 532
24524, 533
24570, 534
24616, 535
24662, 536
24708, 537
24754, 538
24800, 539
24846, 540
24892, 541
24938, 542
24984, 543
25030, 544
25076, 545
25122, 546
25168, 547
25214, 548
25260, 549
25306, 550
25352, 551
25398, 552
25444, 553
25490, 554
25536, 555
25582, 556
25628, 557
25674, 558
25720, 559
25766, 560
25812, 561
25858, 562
25904, 563
25950, 564
25996, 565
26042, 566
26088, 567
26134, 568
26180, 569
26226, 570
26272, 571
26318, 572
26364, 573
26410, 574
26456, 575
26502, 576
26548, 577
26594, 578
26640, 579
26686, 580
26732, 581
26778, 582
26824, 583
26870, 584
26916, 585
26962, 586
27008, 587
27054, 588
27100, 589
27146, 590
27192, 591
27238, 592
27284, 593
27330, 594
27376, 595
27422, 596
27468, 597
27514, 598
27560, 599
27606, 600
27652, 601
27698, 602
27744, 603
27790, 604
27836, 605
27882, 606
27928, 607
27974, 608
28020, 609
28066, 610
28112, 611
28158, 612
28204, 613
28250, 614
28296, 615
28342, 616
28388, 617
28434, 618
28480, 619
28526, 620
28572, 621
28618, 622
28664, 623
28710, 624
28756, 625
28802, 626
28848, 627
28894, 628
28940, 629
28986, 630
29032, 631
29078, 632
29124, 633
29170, 634
29216, 635
29262, 636
29308, 637
29354, 638
29400, 639
29446, 640
29492, 641
29538, 642
29584, 643
29630, 644
29676, 645
29722, 646
29768, 647
29814, 648
29860, 649
29906, 650
29952, 651
29998, 652
30044, 653
30090, 654
30136, 655
30182, 656
30228, 657
30274, 658
30320, 659
30366, 660
30412, 661
30458, 662
30504, 663
30550, 664
30596, 665
30642, 666
30688, 667
30734, 668
30780, 669
30826, 670
30872, 671
30918, 672
30964, 673
31010, 674
31056, 675
31102, 676
31148, 677
31194, 678
31240, 679
31286, 680
31332, 681
31378, 682
31424, 683
31470, 684
31516, 685
31562, 686
31608, 687
31654, 688
31700, 689
31746, 690
31792, 691
31838, 692
31884, 693
31930, 694
31976, 695
32022, 696
32068, 697
32114, 698
32160, 699
32206, 700
32252, 701
32298, 702
32344, 703
32390, 704
32436, 705
32482, 706
32528, 707
32574, 708
32620, 709
32666, 710
32712, 711
32758, 712
32804, 713
32850, 714
32896, 715
32942, 716
32988, 717
33034, 718
33080, 719
33126, 720
33172, 721
33218, 722
33264, 723
33310, 724
33356, 725
33402, 726
33448, 727
33494, 728
33540, 729
33586, 730
33632, 731
33678, 732
33724, 733
33770, 734
33816, 735
33862, 736
33908, 737
33954, 738
34000, 739
34046, 740
34092, 741
34138, 742
34184, 743
34230, 744
34276, 745
34322, 746
34368, 747
34414, 748
34460, 749
34506, 750
34552, 751
34598, 752
34644, 753
34690, 754
34736, 755
34782, 756
34828, 757
34874, 758
34920, 759
34966, 760
35012, 761
35058, 762
35104, 763
35150, 764
35196, 765
35242, 766
35288, 767
35334, 768
35380, 769
35426, 770
35472, 771
35518, 772
35564, 773
35610, 774
35656, 775
35702, 776
35748, 777
35794, 778
35840, 779
35886, 780
35932, 781
35978, 782
36024, 783
36070, 784
36116, 785
36162, 786
36208, 787
36254, 788
36300, 789
36346, 790
36392, 791
36438, 792
36484, 793
36530, 794
36576, 795
36622, 796
36668, 797
36714, 798
36760, 799
36806, 800
36852, 801
36898, 802
36944, 803
36990, 804
37036, 805
37082, 806
37128, 807
37174, 808
37220, 809
37266, 810
37312, 811
37358, 812
37404, 813
37450, 814
37496, 815
37542, 816
37588, 817
37634, 818
37680, 819
37726, 820
37772, 821
37818, 822
37864, 823
37910, 824
37956, 825
38002, 826
38048, 827
38094, 828
38140, 829
38186, 830
38232, 831
38278, 832
38324, 833
38370, 834
38416, 835
38462, 836
38508, 837
38554, 838
38600, 839
38646, 840
38692, 841
38738, 842
38784, 843
38830, 844
38876, 845
38922, 846
38968, 847
39014, 848
39060, 849
39106, 850
39152, 851
39198, 852
39244, 853
39290, 854
39336, 855
39382, 856
39428, 857
39474, 858
39520, 859
39566, 860
39612, 861
39658, 862
39704, 863
39750, 864
39796, 865
39842, 866
39888, 867
39934, 868
39980, 869
40026, 870
40072, 871
40118, 872
40164, 873
40210, 874
40256, 875
40302, 876
40348, 877
40394, 878
40440, 879
40486, 880
40532, 881
40578, 882
40624, 883
40670, 884
40716, 885
40762, 886
40808, 887
40854, 888
40900, 889
40946, 890
40992, 891
41038, 892
41084, 893
41130, 894
41176, 895
41222, 896
41268, 897
41314, 898
41360, 899
41406, 900
41452, 901
41498, 902
41544, 903
41590, 904
41636, 905
41682, 906
41728, 907
41774, 908
41820, 909
41866, 910
41912, 911
41958, 912
42004, 913
42050, 914
42096, 915
42142, 916
42188, 917
42234, 918
42280, 919
42326, 920
42372, 921
42418, 922
42464, 923
42510, 924
42556, 925
42602, 926
42648, 927
42694, 928
42740, 929
42786, 930
42832, 931
42878, 932
42924, 933
42970, 934
43016, 935
43062, 936
43108, 937
43154, 938
43200, 939
43246, 940
43292, 941
43338, 942
43384, 943
43430, 944
43476, 945
43522, 946
43568, 947
43614, 948
43660, 949
43706, 950
43752, 951
43798, 952
43844, 953
43890, 954
43936, 955
43982, 956
44028, 957
44074, 958
44120, 959
44166, 960
44212, 961
44258, 962
44304, 963
44350, 964
44396, 965
44442, 966
44488, 967
44534, 968
44580, 969
44626, 970
44672, 971
44718, 972
44764, 973
44810, 974
44856, 975
44902, 976
44948, 977
44994, 978
45040, 979
45086, 980
45132, 981
45178, 982
45224, 983
45270, 984
45316, 985
45362, 986
45408, 987
45454, 988
45500, 989
45546, 990
45592, 991
45638, 992
45684, 993
45730, 994
45776, 995
45822, 996
45868, 997
45914, 998
45960, 999
46006, 1000
46052, 1001
46098, 1002
46144, 1003
46190, 1004
46236, 1005
46282, 1006
46328, 1007
46374, 1008
46420, 1009
46466, 1010
46512, 1011
46558, 1012
46604, 1013
46650, 1014
46696, 1015
46742, 1016
46788, 1017
46834, 1018
46880, 1019
46926, 1020
46972, 1021
47018, 1022
47064, 1023
47110, 1024
47156, 1025
47202, 1026
47248, 1027
47294, 1028
47340, 1029
47386, 1030
47432, 1031
47478, 1032
47524, 1033
47570, 1034
47616, 1035
47662, 1036
47708, 1037
47754, 1038
47800, 1039
47846, 1040
47892, 1041
47938, 1042
47984, 1043
48030, 1044
48076, 1045
48122, 1046
48168, 1047
48214, 1048
48260, 1049
48306, 1050
48352, 1051
48398, 1052
48444, 1053
48490, 1054
48536, 1055
48582, 1056
48628, 1057
48674, 1058
48720, 1059
48766, 1060
48812, 1061
48858, 1062
48904, 1063
48950, 1064
48996, 1065
49042, 1066
49088, 1067
49134, 1068
49180, 1069
49226, 1070
49272, 1071
49318, 1072
49364, 1073
49410, 1074
49456, 1075
49502, 1076
49548, 1077
49594, 1078
49640, 1079
49686, 1080
49732, 1081
49778, 1082
49824, 1083
49870, 1084
49916, 1085
49962, 1086
50008, 1087
50054, 1088
50100, 1089
50146, 1090
50192, 1091
50238, 1092
50284, 1093
50330, 1094
50376, 1095
50422, 1096
50468, 1097
50514, 1098
50560, 1099
50606, 1100
50652, 1101
50698, 1102
50744, 1103
50790, 1104
50836, 1105
50882, 1106
50928, 1107
50974, 1108
51020, 1109
51066, 1110
51112, 1111
51158, 1112
51204, 1113
51250, 1114
51296, 1115
51342, 1116
51388, 1117
51434, 1118
51480, 1119
51526, 1120
51572, 1121
51618, 1122
51664, 1123
51710, 1124
51756, 1125
51802, 1126
51848, 1127
51894, 1128
51940, 1129
51986, 1130
52032, 1131
52078, 1132
52124, 1133
52170, 1134
52216, 1135
52262, 1136
52308, 1137
52354, 1138
52400, 1139
52446, 1140
52492, 1141
52538, 1142
52584, 1143
52630, 1144
52676, 1145
52722, 1146
52768, 1147
52814, 1148
52860, 1149
52906, 1150
52952, 1151
52998, 1152
53044, 1153
53090, 1154
53136, 1155
53182, 1156
53228, 1157
53274, 1158
53320, 1159
53366, 1160
53412, 1161
53458, 1162
53504, 1163
53550, 1164
53596, 1165
53642, 1166
53688, 1167
53734, 1168
53780, 1169
53826, 1170
53872, 1171
53918, 1172
53964, 1173
54010, 1174
54056, 1175
54102, 1176
54148, 1177
54194, 1178
54240, 1179
54286, 1180
54332, 1181
54378, 1182
54424, 1183
54470, 1184
54516, 1185
54562, 1186
54608, 1187
54654, 1188
54700, 1189
54746, 1190
54792, 1191
54838, 1192
54884, 1193
54930, 1194
54976, 1195
55022, 1196
55068, 1197
55114, 1198
55160, 1199
55206, 1200
55252, 1201
55298, 1202
55344, 1203
55390, 1204
55436, 1205
55482, 1206
55528, 1207
55574, 1208
55620, 1209
55666, 1210
55712, 1211
55758, 1212
55804, 1213
55850, 1214
55896, 1215
55942, 1216
55988, 1217
56034, 1218
56080, 1219
56126, 1220
56172, 1221
56218, 1222
56264, 1223
56310, 1224
56356, 1225
56402, 1226
56448, 1227
56494, 1228
56540, 1229
56586, 1230
56632, 1231
56678, 1232
56724, 1233
56770, 1234
56816, 1235
56862, 1236
56908, 1237
56954, 1238
57000, 1239
57046, 1240
57092, 1241
57138, 1242
57184, 1243
57230, 1244
57276, 1245
57322, 1246
57368, 1247
57414, 1248
57460, 1249
57506, 1250
57552, 1251
57598, 1252
57644, 1253
57690, 1254
57736, 1255
57782, 1256
57828, 1257
57874, 1258
57920, 1259
57966, 1260
58012, 1261
58058, 1262
58104, 1263
58150, 1264
58196, 1265
58242, 1266
58288, 1267
58334, 1268
58380, 1269
58426, 1270
58472, 1271
58518, 1272
58564, 1273
58610, 1274
58656, 1275
58702, 1276
58748, 1277
58794, 1278
58840, 1279
58886, 1280
58932, 1281
58978, 1282
59024, 1283
59070, 1284
59116, 1285
59162, 1286
59208, 1287
59254, 1288
59300, 1289
59346, 1290
59392, 1291
59438, 1292
59484, 1293
59530, 1294
59576, 1295
59622, 1296
59668, 1297
59714, 1298
59760, 1299
59806, 1300
59852, 1301
59898, 1302
59944, 1303
59990, 1304
60036, 1305
60082, 1306
60128, 1307
60174, 1308
60220, 1309
60266, 1310
60312, 1311
60358, 1312
60404, 1313
60450, 1314
60496, 1315
60542, 1316
60588, 1317
60634, 1318
60680, 1319
60726, 1320
60772, 1321
60818, 1322
60864, 1323
60910, 1324
60956, 1325
61002, 1326
61048, 1327
61094, 1328
61140, 1329
61186, 1330
61232, 1331
61278, 1332
61324, 1333
61370, 1334
61416, 1335
61462, 1336
61508, 1337
61554, 1338
61600, 1339
61646, 1340
61692, 1341
61738, 1342
61784, 1343
61830, 1344
61876, 1345
61922, 1346
61968, 1347
62014, 1348
62060, 1349
62106, 1350
62152, 1351
62198, 1352
62244, 1353
62290, 1354
62336, 1355
62382, 1356
62428, 1357
62474, 1358
62520, 1359
62566, 1360
62612, 1361
62658, 1362
62704, 1363
62750, 1364
62796, 1365
62842, 1366
62888, 1367
62934, 1368
62980, 1369
63026, 1370
63072, 1371
63118, 1372
63164, 1373
63210, 1374
63256, 1375
63302, 1376
63348, 1377
63394, 1378
63440, 1379
63486, 1380
63532, 1381
63578, 1382
63624, 1383
63670, 1384
63716, 1385
63762, 1386
63808, 1387
63854, 1388
63900, 1389
63946, 1390
63992, 1391
64038, 1392
64084, 1393
64130, 1394
64176, 1395
64222, 1396
64268, 1397
64314, 1398
64360, 1399
64406, 1400
64452, 1401
64498, 1402
64544, 1403
64590, 1404
64636, 1405
64682, 1406
64728, 1407
64774, 1408
64820, 1409
64866, 1410
64912, 1411
64958, 1412
65004, 1413
65050, 1414
65096, 1415
65142, 1416
65188, 1417
65234, 1418
65280, 1419
65326, 1420
65372, 1421
65418, 1422
65464, 1423
65510, 1424
65556, 1425
65602, 1426
65648, 1427
65694, 1428
65740, 1429
65786, 1430
65832, 1431
65878, 1432
65924, 1433
65970, 1434
66016, 1435
66062, 1436
66108, 1437
66154, 1438
66200, 1439
66246, 1440
66292, 1441
66338, 1442
66384, 1443
66430, 1444
66476, 1445
66522, 1446
66568, 1447
66614, 1448
66660, 1449
66706, 1450
66752, 1451
66798, 1452
66844, 1453
66890, 1454
66936, 1455
66982, 1456
67028, 1457
67074, 1458
67120, 1459
67166, 1460
67212, 1461
67258, 1462
67304, 1463
67350, 1464
67396, 1465
67442, 1466
67488, 1467
67534, 1468
67580, 1469
67626, 1470
67672, 1471
67718, 1472
67764, 1473
67810, 1474
67856, 1475
67902, 1476
67948, 1477
67994, 1478
68040, 1479
68086, 1480
68132, 1481
68178, 1482
68224, 1483
68270, 1484
68316, 1485
68362, 1486
68408, 1487
68454, 1488
68500, 1489
68546, 1490
68592, 1491
68638, 1492
68684, 1493
68730, 1494
68776, 1495
68822, 1496
68868, 1497
68914, 1498
68960, 1499
69006, 1500
69052, 1501
69098, 1502
69144, 1503
69190, 1504
69236, 1505
69282, 1506
69328, 1507
69374, 1508
69420, 1509
69466, 1510
69512, 1511
69558, 1512
69604, 1513
69650, 1514
69696, 1515
69742, 1516
69788, 1517
69834, 1518
69880, 1519
69926, 1520
69972, 1521
70018, 1522
70064, 1523
70110, 1524
70156, 1525
70202, 1526
70248, 1527
70294, 1528
70340, 1529
70386, 1530
70432, 1531
70478, 1532
70524, 1533
70570, 1534
70616, 1535
70662, 1536
70708, 1537
70754, 1538
70800, 1539
70846, 1540
70892, 1541
70938, 1542
70984, 1543
71030, 1544
71076, 1545
71122, 1546
71168, 1547
71214, 1548
71260, 1549
71306, 1550
71352, 1551
71398, 1552
71444, 1553
71490, 1554
71536, 1555
71582, 1556
71628, 1557
71674, 1558
71720, 1559
71766, 1560
71812, 1561
71858, 1562
71904, 1563
71950, 1564
71996, 1565
72042, 1566
72088, 1567
72134, 1568
72180, 1569
72226, 1570
72272, 1571
72318, 1572
72364, 1573
72410, 1574
72456, 1575
72502, 1576
72548, 1577
72594, 1578
72640, 1579
72686, 1580
72732, 1581
72778, 1582
72824, 1583
72870, 1584
72916, 1585
72962, 1586
73008, 1587
73054, 1588
73100, 1589
73146, 1590
73192, 1591
73238, 1592
73284, 1593
73330, 1594
73376, 1595
73422, 1596
73468, 1597
73514, 1598
73560, 1599
73606, 1600
73652, 1601
73698, 1602
73744, 1603
73790, 1604
73836, 1605
73882, 1606
73928, 1607
73974, 1608
74020, 1609
74066, 1610
74112, 1611
74158, 1612
74204, 1613
74250, 1614
74296, 1615
74342, 1616
74388, 1617
74434, 1618
74480, 1619
74526, 1620
74572, 1621
74618, 1622
74664, 1623
74710, 1624
74756, 1625
74802, 1626
74848, 1627
74894, 1628
74940, 1629
74986, 1630
75032, 1631
75078, 1632
75124, 1633
75170, 1634
75216, 1635
75262, 1636
75308, 1637
75354, 1638
75400, 1639
75446, 1640
75492, 1641
75538, 1642
75584, 1643
75630, 1644
75676, 1645
75722, 1646
75768, 1647
75814, 1648
75860, 1649
75906, 1650
75952, 1651
75998, 1652
76044, 1653
76090, 1654
76136, 1655
76182, 1656
76228, 1657
76274, 1658
76320, 1659
76366, 1660
76412, 1661
76458, 1662
76504, 1663
76550, 1664
76596, 1665
76642, 1666
76688, 1667
76734, 1668
76780, 1669
76826, 1670
76872, 1671
76918, 1672
76964, 1673
77010, 1674
77056, 1675
77102, 1676
77148, 1677
77194, 1678
77240, 1679
77286, 1680
77332, 1681
77378, 1682
77424, 1683
77470, 1684
77516, 1685
77562, 1686
77608, 1687
77654, 1688
77700, 1689
77746, 1690
77792, 1691
77838, 1692
77884, 1693
77930, 1694
77976, 1695
78022, 1696
78068, 1697
78114, 1698
78160, 1699
78206, 1700
78252, 1701
78298, 1702
78344, 1703
78390, 1704
78436, 1705
78482, 1706
78528, 1707
78574, 1708
78620, 1709
78666, 1710
78712, 1711
78758, 1712
78804, 1713
78850, 1714
78896, 1715
78942, 1716
78988, 1717
79034, 1718
79080, 1719
79126, 1720
79172, 1721
79218, 1722
79264, 1723
79310, 1724
79356, 1725
79402, 1726
79448, 1727
79494, 1728
79540, 1729
79586, 1730
79632, 1731
79678, 1732
79724, 1733
79770, 1734
79816, 1735
79862, 1736
79908, 1737
79954, 1738
80000, 1739
80046, 1740
80092, 1741
80138, 1742
80184, 1743
80230, 1744
80276, 1745
80322, 1746
80368, 1747
80414, 1748
80460, 1749
80506, 1750
80552, 1751
80598, 1752
80644, 1753
80690, 1754
80736, 1755
80782, 1756
80828, 1757
80874, 1758
80920, 1759
80966, 1760
81012, 1761
81058, 1762
81104, 1763
81150, 1764
81196, 1765
81242, 1766
81288, 1767
81334, 1768
81380, 1769
81426, 1770
81472, 1771
81518, 1772
81564, 1773
81610, 1774
81656, 1775
81702, 1776
81748, 1777
81794, 1778
81840, 1779
81886, 1780
81932, 1781
81978, 1782
82024, 1783
82070, 1784
82116, 1785
82162, 1786
82208, 1787
82254, 1788
82300, 1789
82346, 1790
82392, 1791
82438, 1792
82484, 1793
82530, 1794
82576, 1795
82622, 1796
82668, 1797
82714, 1798
82760, 1799
82806, 1800
82852, 1801
82898, 1802
82944, 1803
82990, 1804
83036, 1805
83082, 1806
83128, 1807
83174, 1808
83220, 1809
83266, 1810
83312, 1811
83358, 1812
83404, 1813
83450, 1814
83496, 1815
83542, 1816
83588, 1817
83634, 1818
83680, 1819
83726, 1820
83772, 1821
83818, 1822
83864, 1823
83910, 1824
83956, 1825
84002, 1826
84048, 1827
84094, 1828
84140, 1829
84186, 1830
84232, 1831
84278, 1832
84324, 1833
84370, 1834
84416, 1835
84462, 1836
84508, 1837
84554, 1838
84600, 1839
84646, 1840
84692, 1841
84738, 1842
84784, 1843
84830, 1844
84876, 1845
84922, 1846
84968, 1847
85014, 1848
85060, 1849
85106, 1850
85152, 1851
85198, 1852
85244, 1853
85290, 1854
85336, 1855
85382, 1856
85428, 1857
85474, 1858
85520, 1859
85566, 1860
85612, 1861
85658, 1862
85704, 1863
85750, 1864
85796, 1865
85842, 1866
85888, 1867
85934, 1868
85980, 1869
86026, 1870
86072, 1871
86118, 1872
86164, 1873
86210, 1874
86256, 1875
86302, 1876
86348, 1877
86394, 1878
86440, 1879
86486, 1880
86532, 1881
86578, 1882
86624, 1883
86670, 1884
86716, 1885
86762, 1886
86808, 1887
86854, 1888
86900, 1889
86946, 1890
86992, 1891
87038, 1892
87084, 1893
87130, 1894
87176, 1895
87222, 1896
87268, 1897
87314, 1898
87360, 1899
87406, 1900
87452, 1901
87498, 1902
87544, 1903
87590, 1904
87636, 1905
87682, 1906
87728, 1907
87774, 1908
87820, 1909
87866, 1910
87912, 1911
87958, 1912
88004, 1913
88050, 1914
88096, 1915
88142, 1916
88188, 1917
88234, 1918
88280, 1919
88326, 1920
88372, 1921
88418, 1922
88464, 1923
88510, 1924
88556, 1925
88602, 1926
88648, 1927
88694, 1928
88740, 1929
88786, 1930
88832, 1931
88878, 1932
88924, 1933
88970, 1934
89016, 1935
89062, 1936
89108, 1937
89154, 1938
89200, 1939
89246, 1940
89292, 1941
89338, 1942
89384, 1943
89430, 1944
89476, 1945
89522, 1946
89568, 1947
89614, 1948
89660, 1949
89706, 1950
89752, 1951
89798, 1952
89844, 1953
89890, 1954
89936, 1955
89982, 1956
90028, 1957
90074, 1958
90120, 1959
90166, 1960
90212, 1961
90258, 1962
90304, 1963
90350, 1964
90396, 1965
90442, 1966
90488, 1967
90534, 1968
90580, 1969
90626, 1970
90672, 1971
90718, 1972
90764, 1973
90810, 1974
90856, 1975
90902, 1976
90948, 1977
90994, 1978
91040, 1979
91086, 1980
91132, 1981
91178, 1982
91224, 1983
91270, 1984
91316, 1985
91362, 1986
91408, 1987
91454, 1988
91500, 1989
91546, 1990
91592, 1991
91638, 1992
91684, 1993
91730, 1994
91776, 1995
91822, 1996
91868, 1997
91914, 1998
91960, 1999
92006, 2000
